335
267
120
128
364
302
204
407
294
734
593
189
305
298
643
638
366
509
191
332
77
398
246
339
734
155
516
281
115
604
505
947
441
191
483
198
554
295
300
553
170
252
149
906
845
563
112
136
270
548
272
350
415
1092
333
192
125
340
279
277
241
253
271
153
312
278
1943
230
289
143
371
266
137
611
400
468
366
234
164
268
349
379
198
1372
62
380
182
382
370
234
482
726
609
501
336
246
325
86
542
714
239
887
883
266
359
939
304
88
121
411
472
353
139
500
107
246
294
504
468
306
1004
617
207
265
156
1345
527
457
111
149
354
815
317
424
479
269
303
335
172
423
129
532
323
449
76
113
278
1602
252
525
455
76
395
204
278
221
451
60
91
483
459
337
261
263
636
526
250
643
224
839
185
415
489
101
694
252
99
193
92
201
525
214
475
190
185
464
239
260
336
618
248
510
678
116
518
149
293
260
67
931
152
707
197
173
160
548
281
422
756
366
607
348
211
119
166
255
216
122
310
274
237
213
56
331
139
733
301
665
191
75
672
236
648
713
160
180
127
411
407
239
747
572
326
859
179
412
528
264
821
239
349
93
359
320
436
372
429
238
650
594
207
886
371
963
559
185
205
179
495
158
92
222
350
133
516
382
513
103
171
1189
370
358
373
356
245
335
480
622
366
268
91
53
651
132
344
466
421
398
407
116
513
651
95
477
192
233
370
339
939
214
128
254
256
368
239
165
405
163
583
313
207
588
106
409
361
657
291
229
167
173
518
359
267
382
162
257
259
279
712
321
732
354
377
329
499
135
90
94
163
207
321
368
840
1081
437
322
111
96
423
640
1020
543
281
208
571
208
440
787
471
402
617
177
262
146
201
65
521
95
396
298
529
310
266
252
199
199
401
338
345
583
751
721
456
199
158
213
154
333
1062
535
766
473
264
107
242
536
241
354
654
397
90
253
1189
435
563
205
91
550
351
170
303
615
602
254
224
553
206
374
680
328
561
304
130
1323
619
471
970
291
277
112
714
506
474
527
422
389
621
94
142
240
172
322
571
128
423
218
157
148
165
176
404
188
260
616
276
423
135
297
247
570
317
431
349
311
512
299
367
512
438
388
107
271
404
898
617
302
225
703
339
340
230
445
390
576
259
208
448
220
349
82
397
515
186
459
470
228
253
396
78
606
773
95
815
486
255
329
330
318
591
805
227
360
594
331
406
645
346
58
512
511
288
47
431
208
172
128
468
262
349
532
272
374
499
71
355
473
744
634
278
406
512
329
101
374
293
604
149
496
373
127
300
163
218
1469
308
130
473
59
332
195
434
359
533
355
176
304
115
530
258
175
697
591
586
436
310
351
447
184
311
271
105
303
1742
612
484
454
177
231
202
176
597
460
442
898
569
502
306
267
300
447
392
108
308
210
650
118
653
436
148
49
298
864
486
417
311
319
195
253
468
229
288
119
560
551
126
712
298
549
543
117
201
562
431
306
312
247
198
264
377
229
243
197
485
488
363
643
536
130
481
545
365
304
233
209
202
252
211
102
403
456
242
201
324
160
269
285
274
329
60
398
301
175
588
129
131
416
247
331
245
457
212
269
945
338
667
438
75
102
198
244
149
291
329
321
395
352
269
732
506
216
424
618
281
474
326
469
332
299
278
176
236
394
712
271
307
237
315
285
300
115
151
477
358
396
760
252
357
397
370
275
605
312
288
128
632
167
316
488
126
338
159
294
307
207
118
335
570
198
1141
295
553
895
187
148
186
57
233
308
553
817
292
967
170
818
131
304
719
678
326
499
137
242
243
239
513
251
228
343
220
331
259
582
648
221
180
655
229
103
228
344
223
207
178
276
53
261
405
219
100
164
252
188
467
424
471
875
30
458
302
504
470
286
333
729
63
468
146
420
625
177
567
333
115
710
288
252
245
238
232
626
219
308
317
272
786
248
118
373
651
124
638
399
144
369
451
364
183
290
260
273
540
408
322
528
306
347
673
108
134
312
175
290
221
384
178
256
541
568
229
257
238
324
326
251
195
288
288
166
312
254
465
584
334
736
165
721
436
89
183
219
337
584
154
539
371
441
168
335
268
314
214
183
680
294
513
389
479
431
476
670
404
123
337
348
75
101
174
313
80
685
244
602
540
105
279
1030
458
282
144
311
353
226
339
138
324
431
326
356
465
305
747
483
306
415
433
148
354
505
183
438
111
106
576
230
531
116
323
646
62
156
426
306
212
183
225
178
186
470
547
544
130
345
245
429
324
131
247
925
1202
411
374
457
359
156
324
275
160
363
307
710
