144
152
85
86
205
148
107
190
167
310
260
108
187
152
293
292
164
237
110
155
44
211
120
160
299
103
240
149
67
289
220
375
186
115
216
118
229
166
177
271
116
149
89
371
345
229
66
89
151
264
134
167
178
457
181
113
91
166
144
143
113
142
169
93
184
150
592
137
142
82
185
127
85
269
197
191
180
125
104
136
176
171
105
522
47
183
99
196
163
135
217
337
239
247
163
139
165
69
215
323
139
379
370
148
180
388
179
58
75
207
184
160
81
232
69
148
169
238
236
175
417
274
133
143
85
399
221
201
72
90
206
311
172
166
204
149
139
167
97
203
89
226
152
236
50
80
136
542
132
240
227
52
201
115
156
130
225
39
60
215
237
166
147
160
303
209
118
290
115
365
88
209
215
69
283
141
56
113
57
114
209
133
229
122
108
219
171
140
185
286
155
217
342
82
261
80
165
144
54
355
98
302
117
89
97
224
169
223
278
201
260
186
125
72
93
156
101
83
146
129
138
94
39
145
82
367
174
305
118
51
275
143
274
266
86
121
63
181
207
155
319
267
194
292
124
214
293
151
392
132
185
60
187
185
210
153
188
124
260
292
92
311
204
398
246
96
111
118
237
98
62
100
170
78
220
190
242
64
114
433
174
167
174
164
144
188
240
258
174
125
60
32
243
66
151
222
189
200
201
81
189
274
57
220
109
127
202
147
344
133
90
140
153
186
109
104
171
95
284
131
95
289
69
216
189
270
129
136
106
110
225
157
128
209
116
133
137
182
320
176
317
170
178
170
240
80
57
60
102
102
183
176
370
450
219
147
75
60
169
261
329
272
171
122
244
125
223
341
203
198
276
95
139
81
119
46
221
65
239
178
258
180
143
146
129
115
195
197
182
250
280
325
248
102
95
129
95
176
468
272
301
218
145
77
123
266
137
173
305
207
68
142
432
225
249
114
67
264
218
77
180
271
266
154
130
244
106
186
298
186
257
157
83
441
304
245
400
169
181
73
275
226
235
218
188
183
256
63
82
149
113
149
253
76
230
121
96
89
94
91
214
110
128
248
165
237
89
140
138
207
158
185
191
159
247
194
170
235
197
190
61
154
210
354
288
181
139
266
178
212
114
177
203
270
141
99
181
110
190
57
184
242
107
236
212
125
153
176
54
251
365
72
290
242
155
185
197
154
273
295
126
175
248
181
230
273
184
49
240
229
141
29
232
113
121
81
234
138
179
208
145
182
195
47
181
243
347
226
140
228
263
158
69
193
165
228
96
244
222
78
143
108
140
554
177
81
220
44
200
111
216
177
240
143
108
142
61
271
149
97
315
264
279
213
179
161
179
118
178
165
76
164
510
263
181
169
101
134
124
108
275
242
181
371
250
230
146
155
157
224
224
76
163
123
279
78
281
210
74
38
167
350
274
195
167
167
122
125
223
135
109
76
235
300
76
309
158
256
256
86
119
271
209
166
141
145
123
124
184
136
123
102
217
207
183
269
243
95
216
218
199
153
124
107
118
134
126
61
171
206
134
105
144
94
132
136
154
153
40
163
163
92
240
76
75
219
141
170
147
218
114
121
381
181
293
216
50
56
110
129
88
166
147
159
175
198
145
275
258
127
210
272
153
250
192
224
137
163
141
108
137
174
302
153
144
139
159
170
161
74
105
231
124
186
278
161
173
194
193
117
259
174
132
79
279
99
179
224
81
167
89
168
187
132
83
193
256
113
474
157
263
365
121
86
117
39
113
167
250
357
133
416
99
313
79
166
258
283
204
211
88
135
137
124
232
142
131
187
121
187
143
233
279
99
105
286
128
67
108
166
120
103
101
158
44
113
233
115
63
104
145
94
216
205
165
368
23
256
173
218
258
147
160
268
49
211
78
187
211
109
296
184
86
336
163
143
156
117
154
259
104
177
175
169
335
147
90
219
313
63
257
172
106
182
250
190
103
144
146
162
260
200
171
222
167
176
278
81
81
135
110
141
125
162
122
164
238
263
130
146
109
155
181
137
109
141
144
111
159
131
242
257
177
307
75
269
226
43
105
134
151
251
93
233
176
167
110
174
155
178
127
123
291
165
232
199
204
170
203
302
181
68
167
168
44
65
114
187
55
323
108
257
233
68
146
398
231
151
82
176
188
107
167
94
152
220
158
185
205
164
333
225
150
210
192
96
194
185
115
224
67
69
274
141
238
68
168
268
42
92
230
160
139
107
141
117
120
237
262
236
82
188
146
185
164
74
151
383
504
218
189
206
204
89
148
141
87
197
137
288
